Volume                              =  5.50632E+06   Mass     =  3.30379E+00
                                         Generalized  Generalized
Subcase Mode   Frequency    Eigenvalue   Stiffness       Mass
      3    1   1.352192E+00 7.218329E+01 7.218329E+01 1.000000E+00
      3    2   2.778504E+00 3.047768E+02 3.047768E+02 1.000000E+00
      3    3   3.164188E+00 3.952613E+02 3.952613E+02 1.000000E+00
      3    4   3.469018E+00 4.750865E+02 4.750865E+02 1.000000E+00
      3    5   4.210625E+00 6.999273E+02 6.999273E+02 1.000000E+00
      3    6   4.426596E+00 7.735696E+02 7.735696E+02 1.000000E+00
      3    7   4.510518E+00 8.031795E+02 8.031795E+02 1.000000E+00
      3    8   5.036329E+00 1.001355E+03 1.001355E+03 1.000000E+00
      3    9   5.187315E+00 1.062294E+03 1.062294E+03 1.000000E+00
      3   10   5.351275E+00 1.130510E+03 1.130510E+03 1.000000E+00
      3   11   6.169987E+00 1.502894E+03 1.502894E+03 1.000000E+00
      3   12   6.251871E+00 1.543049E+03 1.543049E+03 1.000000E+00
      3   13   6.266696E+00 1.550376E+03 1.550376E+03 1.000000E+00
      3   14   6.311123E+00 1.572436E+03 1.572436E+03 1.000000E+00
      3   15   6.923924E+00 1.892624E+03 1.892624E+03 1.000000E+00
      3   16   7.341728E+00 2.127925E+03 2.127925E+03 1.000000E+00
      3   17   7.507084E+00 2.224858E+03 2.224858E+03 1.000000E+00
      3   18   7.705726E+00 2.344158E+03 2.344158E+03 1.000000E+00
      3   19   7.877144E+00 2.449612E+03 2.449612E+03 1.000000E+00
      3   20   8.026064E+00 2.543109E+03 2.543109E+03 1.000000E+00
      3   21   8.245584E+00 2.684124E+03 2.684124E+03 1.000000E+00
      3   22   9.222968E+00 3.358158E+03 3.358158E+03 1.000000E+00
      3   23   9.368638E+00 3.465075E+03 3.465075E+03 1.000000E+00
      3   24   9.737862E+00 3.743579E+03 3.743579E+03 1.000000E+00
      3   25   1.006568E+01 3.999868E+03 3.999868E+03 1.000000E+00
      3   26   1.047909E+01 4.335175E+03 4.335175E+03 1.000000E+00
      3   27   1.078897E+01 4.595363E+03 4.595363E+03 1.000000E+00
      3   28   1.085209E+01 4.649289E+03 4.649289E+03 1.000000E+00
      3   29   1.092027E+01 4.707892E+03 4.707892E+03 1.000000E+00
      3   30   1.124677E+01 4.993617E+03 4.993617E+03 1.000000E+00
      3   31   1.251078E+01 6.179151E+03 6.179151E+03 1.000000E+00
      3   32   1.264037E+01 6.307825E+03 6.307825E+03 1.000000E+00
      3   33   1.315470E+01 6.831588E+03 6.831588E+03 1.000000E+00
      3   34   1.369873E+01 7.408329E+03 7.408329E+03 1.000000E+00
      3   35   1.379837E+01 7.516495E+03 7.516495E+03 1.000000E+00
      3   36   1.445166E+01 8.245091E+03 8.245091E+03 1.000000E+00
      3   37   1.448456E+01 8.282669E+03 8.282669E+03 1.000000E+00
      3   38   1.516692E+01 9.081437E+03 9.081437E+03 1.000000E+00
      3   39   1.561464E+01 9.625510E+03 9.625510E+03 1.000000E+00
      3   40   1.616755E+01 1.031925E+04 1.031925E+04 1.000000E+00
      3   41   1.623561E+01 1.040632E+04 1.040632E+04 1.000000E+00
      3   42   1.643135E+01 1.065875E+04 1.065875E+04 1.000000E+00
      3   43   1.656709E+01 1.083558E+04 1.083558E+04 1.000000E+00
      3   44   1.712683E+01 1.158014E+04 1.158014E+04 1.000000E+00
      3   45   1.778087E+01 1.248147E+04 1.248147E+04 1.000000E+00
      3   46   1.796290E+01 1.273834E+04 1.273834E+04 1.000000E+00
      3   47   1.826075E+01 1.316428E+04 1.316428E+04 1.000000E+00
      3   48   1.839446E+01 1.335777E+04 1.335777E+04 1.000000E+00
      3   49   1.855713E+01 1.359506E+04 1.359506E+04 1.000000E+00
      3   50   1.890050E+01 1.410283E+04 1.410283E+04 1.000000E+00
      3   51   1.894458E+01 1.416869E+04 1.416869E+04 1.000000E+00
      3   52   1.912093E+01 1.443370E+04 1.443370E+04 1.000000E+00
      3   53   1.954206E+01 1.507650E+04 1.507650E+04 1.000000E+00
      3   54   1.961662E+01 1.519176E+04 1.519176E+04 1.000000E+00
      3   55   1.988822E+01 1.561534E+04 1.561534E+04 1.000000E+00
      3   56   1.996887E+01 1.574224E+04 1.574224E+04 1.000000E+00
      3   57   2.012883E+01 1.599546E+04 1.599546E+04 1.000000E+00
      3   58   2.039385E+01 1.641944E+04 1.641944E+04 1.000000E+00
      3   59   2.048452E+01 1.656575E+04 1.656575E+04 1.000000E+00
      3   60   2.059422E+01 1.674366E+04 1.674366E+04 1.000000E+00
      3   61   2.063221E+01 1.680549E+04 1.680549E+04 1.000000E+00
      3   62   2.078917E+01 1.706216E+04 1.706216E+04 1.000000E+00
      3   63   2.114876E+01 1.765751E+04 1.765751E+04 1.000000E+00
      3   64   2.203979E+01 1.917674E+04 1.917674E+04 1.000000E+00
      3   65   2.306363E+01 2.099979E+04 2.099979E+04 1.000000E+00
      3   66   2.314574E+01 2.114958E+04 2.114958E+04 1.000000E+00
      3   67   2.351489E+01 2.182959E+04 2.182959E+04 1.000000E+00
      3   68   2.398946E+01 2.271961E+04 2.271961E+04 1.000000E+00
      3   69   2.422759E+01 2.317289E+04 2.317289E+04 1.000000E+00
      3   70   2.434339E+01 2.339494E+04 2.339494E+04 1.000000E+00
      3   71   2.522855E+01 2.512722E+04 2.512722E+04 1.000000E+00
      3   72   2.603308E+01 2.675536E+04 2.675536E+04 1.000000E+00
      3   73   2.632209E+01 2.735273E+04 2.735273E+04 1.000000E+00
      3   74   2.651951E+01 2.776456E+04 2.776456E+04 1.000000E+00
      3   75   2.677844E+01 2.830938E+04 2.830938E+04 1.000000E+00
      3   76   2.716325E+01 2.912884E+04 2.912884E+04 1.000000E+00
      3   77   2.771051E+01 3.031439E+04 3.031439E+04 1.000000E+00
      3   78   2.803940E+01 3.103824E+04 3.103824E+04 1.000000E+00
      3   79   2.843930E+01 3.192990E+04 3.192990E+04 1.000000E+00
      3   80   2.902330E+01 3.325472E+04 3.325472E+04 1.000000E+00
      3   81   2.920024E+01 3.366142E+04 3.366142E+04 1.000000E+00
      3   82   2.938635E+01 3.409188E+04 3.409188E+04 1.000000E+00
      3   83   3.008963E+01 3.574321E+04 3.574321E+04 1.000000E+00
      3   84   3.013613E+01 3.585375E+04 3.585375E+04 1.000000E+00
      3   85   3.049244E+01 3.670660E+04 3.670660E+04 1.000000E+00
      3   86   3.074698E+01 3.732199E+04 3.732199E+04 1.000000E+00
      3   87   3.097205E+01 3.787039E+04 3.787039E+04 1.000000E+00
      3   88   3.156313E+01 3.932964E+04 3.932964E+04 1.000000E+00
      3   89   3.186266E+01 4.007963E+04 4.007963E+04 1.000000E+00
      3   90   3.208086E+01 4.063045E+04 4.063045E+04 1.000000E+00
      3   91   3.220779E+01 4.095261E+04 4.095261E+04 1.000000E+00
      3   92   3.291374E+01 4.276752E+04 4.276752E+04 1.000000E+00
      3   93   3.354256E+01 4.441730E+04 4.441730E+04 1.000000E+00
      3   94   3.398734E+01 4.560308E+04 4.560308E+04 1.000000E+00
      3   95   3.436815E+01 4.663072E+04 4.663072E+04 1.000000E+00
      3   96   3.495681E+01 4.824177E+04 4.824177E+04 1.000000E+00
      3   97   3.546209E+01 4.964648E+04 4.964648E+04 1.000000E+00
      3   98   3.607805E+01 5.138612E+04 5.138612E+04 1.000000E+00
      3   99   3.650190E+01 5.260061E+04 5.260061E+04 1.000000E+00
      3  100   3.667183E+01 5.309149E+04 5.309149E+04 1.000000E+00
      3  101   3.724924E+01 5.477655E+04 5.477655E+04 1.000000E+00
      3  102   3.742046E+01 5.528125E+04 5.528125E+04 1.000000E+00
      3  103   3.757120E+01 5.572754E+04 5.572754E+04 1.000000E+00
      3  104   3.797610E+01 5.693516E+04 5.693516E+04 1.000000E+00
      3  105   3.805372E+01 5.716813E+04 5.716813E+04 1.000000E+00
      3  106   3.835452E+01 5.807548E+04 5.807548E+04 1.000000E+00
      3  107   3.854020E+01 5.863916E+04 5.863916E+04 1.000000E+00
      3  108   3.877092E+01 5.934335E+04 5.934335E+04 1.000000E+00
      3  109   3.884282E+01 5.956365E+04 5.956365E+04 1.000000E+00
      3  110   3.926667E+01 6.087065E+04 6.087065E+04 1.000000E+00
      3  111   3.979662E+01 6.252476E+04 6.252476E+04 1.000000E+00
      3  112   4.004636E+01 6.331196E+04 6.331196E+04 1.000000E+00
      3  113   4.037762E+01 6.436374E+04 6.436374E+04 1.000000E+00
      3  114   4.079246E+01 6.569307E+04 6.569307E+04 1.000000E+00
      3  115   4.104672E+01 6.651454E+04 6.651454E+04 1.000000E+00
      3  116   4.158948E+01 6.828522E+04 6.828522E+04 1.000000E+00
      3  117   4.190666E+01 6.933075E+04 6.933075E+04 1.000000E+00
      3  118   4.211682E+01 7.002787E+04 7.002787E+04 1.000000E+00
      3  119   4.215014E+01 7.013870E+04 7.013870E+04 1.000000E+00
      3  120   4.244610E+01 7.112713E+04 7.112713E+04 1.000000E+00
      3  121   4.264028E+01 7.177940E+04 7.177940E+04 1.000000E+00
      3  122   4.275434E+01 7.216394E+04 7.216394E+04 1.000000E+00
      3  123   4.283973E+01 7.245246E+04 7.245246E+04 1.000000E+00
      3  124   4.323833E+01 7.380700E+04 7.380700E+04 1.000000E+00
      3  125   4.374250E+01 7.553825E+04 7.553825E+04 1.000000E+00
      3  126   4.458440E+01 7.847395E+04 7.847395E+04 1.000000E+00
      3  127   4.516361E+01 8.052616E+04 8.052616E+04 1.000000E+00
      3  128   4.578626E+01 8.276181E+04 8.276181E+04 1.000000E+00
      3  129   4.595964E+01 8.338981E+04 8.338981E+04 1.000000E+00
      3  130   4.643697E+01 8.513096E+04 8.513096E+04 1.000000E+00
      3  131   4.659097E+01 8.569653E+04 8.569653E+04 1.000000E+00
      3  132   4.701532E+01 8.726468E+04 8.726468E+04 1.000000E+00
      3  133   4.784374E+01 9.036701E+04 9.036701E+04 1.000000E+00
      3  134   4.858498E+01 9.318881E+04 9.318881E+04 1.000000E+00
      3  135   4.884164E+01 9.417598E+04 9.417598E+04 1.000000E+00
      3  136   4.921941E+01 9.563844E+04 9.563844E+04 1.000000E+00
      3  137   4.932528E+01 9.605031E+04 9.605031E+04 1.000000E+00
      3  138   4.968582E+01 9.745961E+04 9.745961E+04 1.000000E+00
      3  139   5.021273E+01 9.953766E+04 9.953766E+04 1.000000E+00
      3  140   5.068196E+01 1.014067E+05 1.014067E+05 1.000000E+00
      3  141   5.100879E+01 1.027188E+05 1.027188E+05 1.000000E+00
      3  142   5.118221E+01 1.034184E+05 1.034184E+05 1.000000E+00
      3  143   5.140458E+01 1.043190E+05 1.043190E+05 1.000000E+00
      3  144   5.157216E+01 1.050003E+05 1.050003E+05 1.000000E+00
      3  145   5.291907E+01 1.105565E+05 1.105565E+05 1.000000E+00
      3  146   5.366000E+01 1.136740E+05 1.136740E+05 1.000000E+00
      3  147   5.402557E+01 1.152281E+05 1.152281E+05 1.000000E+00
      3  148   5.458561E+01 1.176294E+05 1.176294E+05 1.000000E+00
      3  149   5.489001E+01 1.189450E+05 1.189450E+05 1.000000E+00
      3  150   5.532780E+01 1.208500E+05 1.208500E+05 1.000000E+00
      3  151   5.585060E+01 1.231446E+05 1.231446E+05 1.000000E+00
      3  152   5.590990E+01 1.234062E+05 1.234062E+05 1.000000E+00
      3  153   5.640304E+01 1.255928E+05 1.255928E+05 1.000000E+00
      3  154   5.680707E+01 1.273986E+05 1.273986E+05 1.000000E+00
      3  155   5.695378E+01 1.280575E+05 1.280575E+05 1.000000E+00
      3  156   5.732587E+01 1.297362E+05 1.297362E+05 1.000000E+00
      3  157   5.748601E+01 1.304620E+05 1.304620E+05 1.000000E+00
      3  158   5.759668E+01 1.309648E+05 1.309648E+05 1.000000E+00
      3  159   5.798960E+01 1.327578E+05 1.327578E+05 1.000000E+00
      3  160   5.856458E+01 1.354035E+05 1.354035E+05 1.000000E+00
      3  161   5.874782E+01 1.362521E+05 1.362521E+05 1.000000E+00
      3  162   5.909315E+01 1.378586E+05 1.378586E+05 1.000000E+00
      3  163   5.946173E+01 1.395837E+05 1.395837E+05 1.000000E+00
      3  164   5.952498E+01 1.398808E+05 1.398808E+05 1.000000E+00
      3  165   5.960424E+01 1.402536E+05 1.402536E+05 1.000000E+00
      3  166   5.991758E+01 1.417321E+05 1.417321E+05 1.000000E+00
      3  167   6.014253E+01 1.427983E+05 1.427983E+05 1.000000E+00
      3  168   6.032707E+01 1.436760E+05 1.436760E+05 1.000000E+00
      3  169   6.071743E+01 1.455414E+05 1.455414E+05 1.000000E+00
      3  170   6.143182E+01 1.489864E+05 1.489864E+05 1.000000E+00
      3  171   6.166927E+01 1.501403E+05 1.501403E+05 1.000000E+00
      3  172   6.232661E+01 1.533581E+05 1.533581E+05 1.000000E+00
      3  173   6.247877E+01 1.541078E+05 1.541078E+05 1.000000E+00
      3  174   6.249147E+01 1.541705E+05 1.541705E+05 1.000000E+00
      3  175   6.315335E+01 1.574536E+05 1.574536E+05 1.000000E+00
      3  176   6.360389E+01 1.597082E+05 1.597082E+05 1.000000E+00
      3  177   6.390820E+01 1.612400E+05 1.612400E+05 1.000000E+00
      3  178   6.451625E+01 1.643229E+05 1.643229E+05 1.000000E+00
      3  179   6.453055E+01 1.643957E+05 1.643957E+05 1.000000E+00
      3  180   6.467526E+01 1.651339E+05 1.651339E+05 1.000000E+00
      3  181   6.497229E+01 1.666541E+05 1.666541E+05 1.000000E+00
      3  182   6.522028E+01 1.679288E+05 1.679288E+05 1.000000E+00
      3  183   6.547938E+01 1.692657E+05 1.692657E+05 1.000000E+00
      3  184   6.574652E+01 1.706496E+05 1.706496E+05 1.000000E+00
      3  185   6.617600E+01 1.728864E+05 1.728864E+05 1.000000E+00
      3  186   6.660802E+01 1.751511E+05 1.751511E+05 1.000000E+00
      3  187   6.716395E+01 1.780870E+05 1.780870E+05 1.000000E+00
      3  188   6.780820E+01 1.815199E+05 1.815199E+05 1.000000E+00
      3  189   6.792431E+01 1.821420E+05 1.821420E+05 1.000000E+00
      3  190   6.804542E+01 1.827921E+05 1.827921E+05 1.000000E+00
      3  191   6.880004E+01 1.868690E+05 1.868690E+05 1.000000E+00
      3  192   6.907990E+01 1.883923E+05 1.883923E+05 1.000000E+00
      3  193   6.981583E+01 1.924277E+05 1.924277E+05 1.000000E+00
      3  194   7.076294E+01 1.976840E+05 1.976840E+05 1.000000E+00
      3  195   7.118199E+01 2.000322E+05 2.000322E+05 1.000000E+00
      3  196   7.155398E+01 2.021284E+05 2.021284E+05 1.000000E+00
      3  197   7.256452E+01 2.078780E+05 2.078780E+05 1.000000E+00
      3  198   7.290034E+01 2.098065E+05 2.098065E+05 1.000000E+00
      3  199   7.420841E+01 2.174032E+05 2.174032E+05 1.000000E+00
      3  200   7.494150E+01 2.217198E+05 2.217198E+05 1.000000E+00
      3  201   7.597847E+01 2.278982E+05 2.278982E+05 1.000000E+00
      3  202   7.623813E+01 2.294585E+05 2.294585E+05 1.000000E+00
      3  203   7.636149E+01 2.302017E+05 2.302017E+05 1.000000E+00
      3  204   7.667505E+01 2.320961E+05 2.320961E+05 1.000000E+00
      3  205   7.684405E+01 2.331204E+05 2.331204E+05 1.000000E+00
      3  206   7.717492E+01 2.351322E+05 2.351322E+05 1.000000E+00
      3  207   7.764222E+01 2.379883E+05 2.379883E+05 1.000000E+00
      3  208   7.799054E+01 2.401284E+05 2.401284E+05 1.000000E+00
      3  209   7.814880E+01 2.411040E+05 2.411040E+05 1.000000E+00
      3  210   7.898506E+01 2.462916E+05 2.462916E+05 1.000000E+00
      3  211   7.916328E+01 2.474043E+05 2.474043E+05 1.000000E+00
      3  212   7.993099E+01 2.522261E+05 2.522261E+05 1.000000E+00
      3  213   8.042053E+01 2.553252E+05 2.553252E+05 1.000000E+00
      3  214   8.071241E+01 2.571819E+05 2.571819E+05 1.000000E+00
      3  215   8.090450E+01 2.584075E+05 2.584075E+05 1.000000E+00
      3  216   8.139342E+01 2.615401E+05 2.615401E+05 1.000000E+00
      3  217   8.193816E+01 2.650526E+05 2.650526E+05 1.000000E+00
      3  218   8.229833E+01 2.673879E+05 2.673879E+05 1.000000E+00
      3  219   8.282364E+01 2.708123E+05 2.708123E+05 1.000000E+00
      3  220   8.315619E+01 2.729913E+05 2.729913E+05 1.000000E+00
      3  221   8.349131E+01 2.751961E+05 2.751961E+05 1.000000E+00
      3  222   8.397468E+01 2.783918E+05 2.783918E+05 1.000000E+00
      3  223   8.404307E+01 2.788455E+05 2.788455E+05 1.000000E+00
      3  224   8.475099E+01 2.835628E+05 2.835628E+05 1.000000E+00
      3  225   8.518053E+01 2.864444E+05 2.864444E+05 1.000000E+00
      3  226   8.574049E+01 2.902229E+05 2.902229E+05 1.000000E+00
      3  227   8.625179E+01 2.936946E+05 2.936946E+05 1.000000E+00
      3  228   8.644483E+01 2.950107E+05 2.950107E+05 1.000000E+00
      3  229   8.726027E+01 3.006027E+05 3.006027E+05 1.000000E+00
      3  230   8.729842E+01 3.008655E+05 3.008655E+05 1.000000E+00
      3  231   8.758013E+01 3.028105E+05 3.028105E+05 1.000000E+00
      3  232   8.812743E+01 3.066069E+05 3.066069E+05 1.000000E+00
      3  233   8.859972E+01 3.099020E+05 3.099020E+05 1.000000E+00
      3  234   8.899652E+01 3.126841E+05 3.126841E+05 1.000000E+00
      3  235   8.921141E+01 3.141959E+05 3.141959E+05 1.000000E+00
      3  236   8.998469E+01 3.196664E+05 3.196664E+05 1.000000E+00
      3  237   9.033287E+01 3.221450E+05 3.221450E+05 1.000000E+00
      3  238   9.096641E+01 3.266795E+05 3.266795E+05 1.000000E+00
      3  239   9.121774E+01 3.284871E+05 3.284871E+05 1.000000E+00
      3  240   9.180035E+01 3.326966E+05 3.326966E+05 1.000000E+00
      3  241   9.204219E+01 3.344519E+05 3.344519E+05 1.000000E+00
      3  242   9.234174E+01 3.366324E+05 3.366324E+05 1.000000E+00
      3  243   9.248660E+01 3.376893E+05 3.376893E+05 1.000000E+00
      3  244   9.289270E+01 3.406613E+05 3.406613E+05 1.000000E+00
      3  245   9.315381E+01 3.425792E+05 3.425792E+05 1.000000E+00
      3  246   9.346548E+01 3.448754E+05 3.448754E+05 1.000000E+00
      3  247   9.358207E+01 3.457364E+05 3.457364E+05 1.000000E+00
      3  248   9.387670E+01 3.479167E+05 3.479167E+05 1.000000E+00
      3  249   9.452418E+01 3.527326E+05 3.527326E+05 1.000000E+00
      3  250   9.507566E+01 3.568604E+05 3.568604E+05 1.000000E+00
      3  251   9.541585E+01 3.594188E+05 3.594188E+05 1.000000E+00
      3  252   9.574772E+01 3.619234E+05 3.619234E+05 1.000000E+00
      3  253   9.603000E+01 3.640605E+05 3.640605E+05 1.000000E+00
      3  254   9.669898E+01 3.691505E+05 3.691505E+05 1.000000E+00
      3  255   9.701855E+01 3.715945E+05 3.715945E+05 1.000000E+00
      3  256   9.715084E+01 3.726086E+05 3.726086E+05 1.000000E+00
      3  257   9.725948E+01 3.734424E+05 3.734424E+05 1.000000E+00
      3  258   9.775894E+01 3.772877E+05 3.772877E+05 1.000000E+00
      3  259   9.828723E+01 3.813765E+05 3.813765E+05 1.000000E+00
      3  260   9.846049E+01 3.827222E+05 3.827222E+05 1.000000E+00
      3  261   9.882813E+01 3.855856E+05 3.855856E+05 1.000000E+00
      3  262   9.925597E+01 3.889314E+05 3.889314E+05 1.000000E+00
      3  263   9.973904E+01 3.927264E+05 3.927264E+05 1.000000E+00
      3  264   1.004857E+02 3.986286E+05 3.986286E+05 1.000000E+00
      3  265   1.008686E+02 4.016720E+05 4.016720E+05 1.000000E+00
      3  266   1.013615E+02 4.056077E+05 4.056077E+05 1.000000E+00
      3  267   1.014975E+02 4.066965E+05 4.066965E+05 1.000000E+00
      3  268   1.018963E+02 4.098991E+05 4.098991E+05 1.000000E+00
      3  269   1.021701E+02 4.121044E+05 4.121044E+05 1.000000E+00
      3  270   1.036635E+02 4.242401E+05 4.242401E+05 1.000000E+00
      3  271   1.039813E+02 4.268454E+05 4.268454E+05 1.000000E+00
      3  272   1.043579E+02 4.299428E+05 4.299428E+05 1.000000E+00
      3  273   1.044080E+02 4.303553E+05 4.303553E+05 1.000000E+00
      3  274   1.048699E+02 4.341716E+05 4.341716E+05 1.000000E+00
      3  275   1.050850E+02 4.359542E+05 4.359542E+05 1.000000E+00
      3  276   1.056512E+02 4.406652E+05 4.406652E+05 1.000000E+00
      3  277   1.059266E+02 4.429657E+05 4.429657E+05 1.000000E+00
      3  278   1.061051E+02 4.444592E+05 4.444592E+05 1.000000E+00
      3  279   1.067316E+02 4.497238E+05 4.497238E+05 1.000000E+00
      3  280   1.074749E+02 4.560095E+05 4.560095E+05 1.000000E+00
      3  281   1.078413E+02 4.591244E+05 4.591244E+05 1.000000E+00
      3  282   1.086041E+02 4.656423E+05 4.656423E+05 1.000000E+00
      3  283   1.089350E+02 4.684838E+05 4.684838E+05 1.000000E+00
      3  284   1.095293E+02 4.736097E+05 4.736097E+05 1.000000E+00
      3  285   1.104166E+02 4.813136E+05 4.813136E+05 1.000000E+00
      3  286   1.107061E+02 4.838411E+05 4.838411E+05 1.000000E+00
      3  287   1.107897E+02 4.845722E+05 4.845722E+05 1.000000E+00
      3  288   1.115451E+02 4.912031E+05 4.912031E+05 1.000000E+00
      3  289   1.119278E+02 4.945791E+05 4.945791E+05 1.000000E+00
      3  290   1.124674E+02 4.993595E+05 4.993595E+05 1.000000E+00
      3  291   1.132729E+02 5.065381E+05 5.065381E+05 1.000000E+00
      3  292   1.138592E+02 5.117951E+05 5.117951E+05 1.000000E+00
      3  293   1.142909E+02 5.156829E+05 5.156829E+05 1.000000E+00
      3  294   1.146845E+02 5.192410E+05 5.192410E+05 1.000000E+00
      3  295   1.147486E+02 5.198220E+05 5.198220E+05 1.000000E+00
      3  296   1.149796E+02 5.219171E+05 5.219171E+05 1.000000E+00
      3  297   1.150790E+02 5.228199E+05 5.228199E+05 1.000000E+00
      3  298   1.157583E+02 5.290103E+05 5.290103E+05 1.000000E+00
      3  299   1.161913E+02 5.329750E+05 5.329750E+05 1.000000E+00
      3  300   1.163208E+02 5.341635E+05 5.341635E+05 1.000000E+00
      3  301   1.168797E+02 5.393092E+05 5.393092E+05 1.000000E+00
      3  302   1.170791E+02 5.411508E+05 5.411508E+05 1.000000E+00
      3  303   1.176823E+02 5.467419E+05 5.467419E+05 1.000000E+00
      3  304   1.177072E+02 5.469727E+05 5.469727E+05 1.000000E+00
      3  305   1.182460E+02 5.519916E+05 5.519916E+05 1.000000E+00
      3  306   1.185006E+02 5.543718E+05 5.543718E+05 1.000000E+00
      3  307   1.189195E+02 5.582979E+05 5.582979E+05 1.000000E+00
      3  308   1.189987E+02 5.590412E+05 5.590412E+05 1.000000E+00
      3  309   1.191212E+02 5.601937E+05 5.601937E+05 1.000000E+00
      3  310   1.198130E+02 5.667187E+05 5.667187E+05 1.000000E+00
      3  311   1.199440E+02 5.679590E+05 5.679590E+05 1.000000E+00
      3  312   1.204069E+02 5.723512E+05 5.723512E+05 1.000000E+00
      3  313   1.205817E+02 5.740140E+05 5.740140E+05 1.000000E+00
      3  314   1.211424E+02 5.793644E+05 5.793644E+05 1.000000E+00
      3  315   1.216307E+02 5.840451E+05 5.840451E+05 1.000000E+00
      3  316   1.227995E+02 5.953230E+05 5.953230E+05 1.000000E+00
      3  317   1.231487E+02 5.987139E+05 5.987139E+05 1.000000E+00
      3  318   1.238334E+02 6.053896E+05 6.053896E+05 1.000000E+00
      3  319   1.238685E+02 6.057331E+05 6.057331E+05 1.000000E+00
      3  320   1.244461E+02 6.113959E+05 6.113959E+05 1.000000E+00
      3  321   1.246019E+02 6.129277E+05 6.129277E+05 1.000000E+00
      3  322   1.250091E+02 6.169402E+05 6.169402E+05 1.000000E+00
      3  323   1.252340E+02 6.191622E+05 6.191622E+05 1.000000E+00
      3  324   1.260555E+02 6.273112E+05 6.273112E+05 1.000000E+00
      3  325   1.264187E+02 6.309318E+05 6.309318E+05 1.000000E+00
      3  326   1.266734E+02 6.334771E+05 6.334771E+05 1.000000E+00
      3  327   1.268815E+02 6.355601E+05 6.355601E+05 1.000000E+00
      3  328   1.273417E+02 6.401789E+05 6.401789E+05 1.000000E+00
      3  329   1.274273E+02 6.410394E+05 6.410394E+05 1.000000E+00
      3  330   1.279708E+02 6.465196E+05 6.465196E+05 1.000000E+00
      3  331   1.285303E+02 6.521853E+05 6.521853E+05 1.000000E+00
      3  332   1.287523E+02 6.544400E+05 6.544400E+05 1.000000E+00
      3  333   1.292250E+02 6.592544E+05 6.592544E+05 1.000000E+00
      3  334   1.294833E+02 6.618920E+05 6.618920E+05 1.000000E+00
      3  335   1.304102E+02 6.714019E+05 6.714019E+05 1.000000E+00
      3  336   1.310317E+02 6.778168E+05 6.778168E+05 1.000000E+00
      3  337   1.314624E+02 6.822808E+05 6.822808E+05 1.000000E+00
      3  338   1.318015E+02 6.858047E+05 6.858047E+05 1.000000E+00
      3  339   1.322536E+02 6.905172E+05 6.905172E+05 1.000000E+00
      3  340   1.329090E+02 6.973789E+05 6.973789E+05 1.000000E+00
      3  341   1.335933E+02 7.045782E+05 7.045782E+05 1.000000E+00
      3  342   1.339529E+02 7.083761E+05 7.083761E+05 1.000000E+00
      3  343   1.341725E+02 7.107003E+05 7.107003E+05 1.000000E+00
      3  344   1.346136E+02 7.153813E+05 7.153813E+05 1.000000E+00
      3  345   1.358397E+02 7.284721E+05 7.284721E+05 1.000000E+00
      3  346   1.360353E+02 7.305721E+05 7.305721E+05 1.000000E+00
      3  347   1.369609E+02 7.405476E+05 7.405476E+05 1.000000E+00
      3  348   1.373202E+02 7.444381E+05 7.444381E+05 1.000000E+00
      3  349   1.380671E+02 7.525583E+05 7.525583E+05 1.000000E+00
      3  350   1.382923E+02 7.550151E+05 7.550151E+05 1.000000E+00
      3  351   1.385250E+02 7.575579E+05 7.575579E+05 1.000000E+00
      3  352   1.387939E+02 7.605026E+05 7.605026E+05 1.000000E+00
      3  353   1.391495E+02 7.644037E+05 7.644037E+05 1.000000E+00
      3  354   1.393485E+02 7.665922E+05 7.665922E+05 1.000000E+00
      3  355   1.398160E+02 7.717445E+05 7.717445E+05 1.000000E+00
      3  356   1.399230E+02 7.729263E+05 7.729263E+05 1.000000E+00
      3  357   1.400997E+02 7.748794E+05 7.748794E+05 1.000000E+00
      3  358   1.404121E+02 7.783393E+05 7.783393E+05 1.000000E+00
      3  359   1.406419E+02 7.808892E+05 7.808892E+05 1.000000E+00
      3  360   1.408559E+02 7.832674E+05 7.832674E+05 1.000000E+00
      3  361   1.414076E+02 7.894143E+05 7.894143E+05 1.000000E+00
      3  362   1.417464E+02 7.932023E+05 7.932023E+05 1.000000E+00
      3  363   1.419939E+02 7.959742E+05 7.959742E+05 1.000000E+00
      3  364   1.420689E+02 7.968160E+05 7.968160E+05 1.000000E+00
      3  365   1.424048E+02 8.005873E+05 8.005873E+05 1.000000E+00
      3  366   1.424724E+02 8.013479E+05 8.013479E+05 1.000000E+00
      3  367   1.428625E+02 8.057425E+05 8.057425E+05 1.000000E+00
      3  368   1.438252E+02 8.166381E+05 8.166381E+05 1.000000E+00
      3  369   1.441137E+02 8.199174E+05 8.199174E+05 1.000000E+00
      3  370   1.441735E+02 8.205985E+05 8.205985E+05 1.000000E+00
      3  371   1.445143E+02 8.244819E+05 8.244819E+05 1.000000E+00
      3  372   1.452318E+02 8.326898E+05 8.326898E+05 1.000000E+00
      3  373   1.458751E+02 8.400832E+05 8.400832E+05 1.000000E+00
      3  374   1.460736E+02 8.423703E+05 8.423703E+05 1.000000E+00
      3  375   1.464586E+02 8.468172E+05 8.468172E+05 1.000000E+00
      3  376   1.468167E+02 8.509629E+05 8.509629E+05 1.000000E+00
      3  377   1.474613E+02 8.584521E+05 8.584521E+05 1.000000E+00
      3  378   1.476212E+02 8.603142E+05 8.603142E+05 1.000000E+00
      3  379   1.480455E+02 8.652669E+05 8.652669E+05 1.000000E+00
      3  380   1.482383E+02 8.675225E+05 8.675225E+05 1.000000E+00
      3  381   1.492502E+02 8.794058E+05 8.794058E+05 1.000000E+00
      3  382   1.494703E+02 8.820017E+05 8.820017E+05 1.000000E+00
      3  383   1.497125E+02 8.848621E+05 8.848621E+05 1.000000E+00
      3  384   1.502508E+02 8.912375E+05 8.912375E+05 1.000000E+00
      3  385   1.506807E+02 8.963451E+05 8.963451E+05 1.000000E+00
      3  386   1.511165E+02 9.015368E+05 9.015368E+05 1.000000E+00
      3  387   1.514973E+02 9.060863E+05 9.060863E+05 1.000000E+00
      3  388   1.520416E+02 9.126091E+05 9.126091E+05 1.000000E+00
      3  389   1.520754E+02 9.130150E+05 9.130150E+05 1.000000E+00
      3  390   1.525676E+02 9.189343E+05 9.189343E+05 1.000000E+00
      3  391   1.529561E+02 9.236197E+05 9.236197E+05 1.000000E+00
      3  392   1.535996E+02 9.314073E+05 9.314073E+05 1.000000E+00
      3  393   1.541124E+02 9.376374E+05 9.376374E+05 1.000000E+00
      3  394   1.541699E+02 9.383370E+05 9.383370E+05 1.000000E+00
      3  395   1.543457E+02 9.404782E+05 9.404782E+05 1.000000E+00
      3  396   1.546515E+02 9.442092E+05 9.442092E+05 1.000000E+00
      3  397   1.550146E+02 9.486477E+05 9.486477E+05 1.000000E+00
      3  398   1.557361E+02 9.574988E+05 9.574988E+05 1.000000E+00
      3  399   1.562011E+02 9.632259E+05 9.632259E+05 1.000000E+00
      3  400   1.569661E+02 9.726836E+05 9.726836E+05 1.000000E+00
      3  401   1.579562E+02 9.849923E+05 9.849923E+05 1.000000E+00
      3  402   1.585357E+02 9.922340E+05 9.922340E+05 1.000000E+00
      3  403   1.591399E+02 9.998109E+05 9.998109E+05 1.000000E+00
      3  404   1.597346E+02 1.007298E+06 1.007298E+06 1.000000E+00
      3  405   1.601194E+02 1.012156E+06 1.012156E+06 1.000000E+00
      3  406   1.606679E+02 1.019103E+06 1.019103E+06 1.000000E+00
      3  407   1.610055E+02 1.023390E+06 1.023390E+06 1.000000E+00
      3  408   1.614768E+02 1.029390E+06 1.029390E+06 1.000000E+00
      3  409   1.615384E+02 1.030175E+06 1.030175E+06 1.000000E+00
      3  410   1.619149E+02 1.034983E+06 1.034983E+06 1.000000E+00
      3  411   1.620181E+02 1.036303E+06 1.036303E+06 1.000000E+00
      3  412   1.625787E+02 1.043488E+06 1.043488E+06 1.000000E+00
      3  413   1.627489E+02 1.045673E+06 1.045673E+06 1.000000E+00
      3  414   1.630122E+02 1.049059E+06 1.049059E+06 1.000000E+00
      3  415   1.635849E+02 1.056443E+06 1.056443E+06 1.000000E+00
      3  416   1.641406E+02 1.063632E+06 1.063632E+06 1.000000E+00
      3  417   1.647479E+02 1.071519E+06 1.071519E+06 1.000000E+00
      3  418   1.652532E+02 1.078101E+06 1.078101E+06 1.000000E+00
      3  419   1.653645E+02 1.079554E+06 1.079554E+06 1.000000E+00
      3  420   1.654641E+02 1.080855E+06 1.080855E+06 1.000000E+00
      3  421   1.660965E+02 1.089133E+06 1.089133E+06 1.000000E+00
      3  422   1.662319E+02 1.090910E+06 1.090910E+06 1.000000E+00
      3  423   1.665842E+02 1.095538E+06 1.095538E+06 1.000000E+00
      3  424   1.666923E+02 1.096959E+06 1.096959E+06 1.000000E+00
      3  425   1.673291E+02 1.105357E+06 1.105357E+06 1.000000E+00
      3  426   1.680466E+02 1.114857E+06 1.114857E+06 1.000000E+00
      3  427   1.684580E+02 1.120322E+06 1.120322E+06 1.000000E+00
      3  428   1.686153E+02 1.122416E+06 1.122416E+06 1.000000E+00
      3  429   1.694377E+02 1.133391E+06 1.133391E+06 1.000000E+00
      3  430   1.695733E+02 1.135206E+06 1.135206E+06 1.000000E+00
      3  431   1.702576E+02 1.144387E+06 1.144387E+06 1.000000E+00
      3  432   1.704808E+02 1.147389E+06 1.147389E+06 1.000000E+00
      3  433   1.707624E+02 1.151182E+06 1.151182E+06 1.000000E+00
      3  434   1.710508E+02 1.155074E+06 1.155074E+06 1.000000E+00
      3  435   1.714863E+02 1.160964E+06 1.160964E+06 1.000000E+00
      3  436   1.718762E+02 1.166248E+06 1.166248E+06 1.000000E+00
      3  437   1.719603E+02 1.167391E+06 1.167391E+06 1.000000E+00
      3  438   1.728019E+02 1.178845E+06 1.178845E+06 1.000000E+00
      3  439   1.732078E+02 1.184390E+06 1.184390E+06 1.000000E+00
      3  440   1.736534E+02 1.190491E+06 1.190491E+06 1.000000E+00
      3  441   1.743406E+02 1.199932E+06 1.199932E+06 1.000000E+00
      3  442   1.748587E+02 1.207075E+06 1.207075E+06 1.000000E+00
      3  443   1.751496E+02 1.211095E+06 1.211095E+06 1.000000E+00
      3  444   1.751907E+02 1.211663E+06 1.211663E+06 1.000000E+00
      3  445   1.757113E+02 1.218875E+06 1.218875E+06 1.000000E+00
      3  446   1.757521E+02 1.219441E+06 1.219441E+06 1.000000E+00
      3  447   1.765101E+02 1.229982E+06 1.229982E+06 1.000000E+00
      3  448   1.768233E+02 1.234351E+06 1.234351E+06 1.000000E+00
      3  449   1.775438E+02 1.244431E+06 1.244431E+06 1.000000E+00
      3  450   1.778448E+02 1.248653E+06 1.248653E+06 1.000000E+00
      3  451   1.784817E+02 1.257613E+06 1.257613E+06 1.000000E+00
      3  452   1.792029E+02 1.267797E+06 1.267797E+06 1.000000E+00
      3  453   1.792950E+02 1.269101E+06 1.269101E+06 1.000000E+00
      3  454   1.802242E+02 1.282289E+06 1.282289E+06 1.000000E+00
      3  455   1.811700E+02 1.295783E+06 1.295783E+06 1.000000E+00
      3  456   1.817471E+02 1.304052E+06 1.304052E+06 1.000000E+00
      3  457   1.820569E+02 1.308501E+06 1.308501E+06 1.000000E+00
      3  458   1.823536E+02 1.312769E+06 1.312769E+06 1.000000E+00
      3  459   1.829125E+02 1.320829E+06 1.320829E+06 1.000000E+00
      3  460   1.831894E+02 1.324831E+06 1.324831E+06 1.000000E+00
      3  461   1.835777E+02 1.330454E+06 1.330454E+06 1.000000E+00
      3  462   1.837919E+02 1.333560E+06 1.333560E+06 1.000000E+00
      3  463   1.839353E+02 1.335642E+06 1.335642E+06 1.000000E+00
      3  464   1.844033E+02 1.342447E+06 1.342447E+06 1.000000E+00
      3  465   1.844415E+02 1.343003E+06 1.343003E+06 1.000000E+00
      3  466   1.852400E+02 1.354657E+06 1.354657E+06 1.000000E+00
      3  467   1.854888E+02 1.358298E+06 1.358298E+06 1.000000E+00
      3  468   1.857224E+02 1.361722E+06 1.361722E+06 1.000000E+00
      3  469   1.858202E+02 1.363156E+06 1.363156E+06 1.000000E+00
      3  470   1.861765E+02 1.368389E+06 1.368389E+06 1.000000E+00
      3  471   1.870786E+02 1.381682E+06 1.381682E+06 1.000000E+00
      3  472   1.875084E+02 1.388038E+06 1.388038E+06 1.000000E+00
      3  473   1.878322E+02 1.392836E+06 1.392836E+06 1.000000E+00
      3  474   1.878911E+02 1.393709E+06 1.393709E+06 1.000000E+00
      3  475   1.881703E+02 1.397854E+06 1.397854E+06 1.000000E+00
      3  476   1.885094E+02 1.402898E+06 1.402898E+06 1.000000E+00
      3  477   1.891052E+02 1.411779E+06 1.411779E+06 1.000000E+00
      3  478   1.893215E+02 1.415011E+06 1.415011E+06 1.000000E+00
      3  479   1.896748E+02 1.420296E+06 1.420296E+06 1.000000E+00
      3  480   1.901446E+02 1.427341E+06 1.427341E+06 1.000000E+00
      3  481   1.906225E+02 1.434525E+06 1.434525E+06 1.000000E+00
      3  482   1.908792E+02 1.438390E+06 1.438390E+06 1.000000E+00
      3  483   1.911563E+02 1.442570E+06 1.442570E+06 1.000000E+00
      3  484   1.912874E+02 1.444549E+06 1.444549E+06 1.000000E+00
      3  485   1.918670E+02 1.453316E+06 1.453316E+06 1.000000E+00
      3  486   1.924509E+02 1.462176E+06 1.462176E+06 1.000000E+00
      3  487   1.927324E+02 1.466457E+06 1.466457E+06 1.000000E+00
      3  488   1.934008E+02 1.476646E+06 1.476646E+06 1.000000E+00
      3  489   1.934487E+02 1.477377E+06 1.477377E+06 1.000000E+00
      3  490   1.940192E+02 1.486103E+06 1.486103E+06 1.000000E+00
      3  491   1.945679E+02 1.494521E+06 1.494521E+06 1.000000E+00
      3  492   1.953430E+02 1.506453E+06 1.506453E+06 1.000000E+00
      3  493   1.956467E+02 1.511141E+06 1.511141E+06 1.000000E+00
      3  494   1.960194E+02 1.516903E+06 1.516903E+06 1.000000E+00
      3  495   1.965097E+02 1.524501E+06 1.524501E+06 1.000000E+00
      3  496   1.967738E+02 1.528601E+06 1.528601E+06 1.000000E+00
      3  497   1.979840E+02 1.547462E+06 1.547462E+06 1.000000E+00
      3  498   1.980524E+02 1.548531E+06 1.548531E+06 1.000000E+00
      3  499   1.986972E+02 1.558630E+06 1.558630E+06 1.000000E+00
      3  500   1.991003E+02 1.564961E+06 1.564961E+06 1.000000E+00
      3  501   1.993983E+02 1.569649E+06 1.569649E+06 1.000000E+00
      3  502   1.999158E+02 1.577807E+06 1.577807E+06 1.000000E+00