Subcase Mode Buckling Eigenvalue
      4    1        3.717767E+01
      4    2        3.812733E+01
      4    3        5.082478E+01
      4    4        5.455332E+01
      4    5        5.688460E+01
      4    6        5.783990E+01
      4    7        6.367493E+01
      4    8        6.728583E+01
      4    9        6.907132E+01
      4   10        7.095643E+01
      4   11        7.366941E+01
      4   12        7.435176E+01
      4   13        7.441425E+01
      4   14        7.947147E+01
      4   15        7.957717E+01
      4   16        8.282772E+01
      4   17        8.984247E+01
      4   18        9.047790E+01
      4   19        9.154882E+01
      4   20        9.333256E+01
      4   21        9.762672E+01
      5    1        3.353999E+01
      5    2        5.149394E+01
      5    3        6.067223E+01
      5    4        6.602331E+01
      5    5        8.088149E+01
      5    6        8.395008E+01
      5    7        8.494030E+01
      5    8        9.121395E+01
      5    9        9.283517E+01
      5   10        9.333056E+01
      5   11        9.572899E+01
      5   12        9.646248E+01
      5   13        9.814509E+01
      5   14        9.948649E+01